1
138
165
151
103
146
348
88
200
54
445
4
297
186
253
285
2
443
935
79
450
53
23
224
679
402
407
5
25
722
239
322
688
428
121
636
240
94
206
20
85
218
295
31
21
72
105
13
75
141
43
490
417
347
440
17
42
44
98
706
37
564
300
15
794
116
333
114
123
242
772
33
227
8
48
22
56
289
592
232
277
212
41
632
3
260
917
149
344
516
545
210
155
238
493
10
171
362
535
652
51
162
229
273
102
168
316
611
36
172
204
958
76
863
419
560
91
287
503
150
235
286
647
12
28
234
426
979
39
206
518
528
74
160
236
32
191
220
63
784
125
199
383
142
215
216
707
24
46
93
230
49
126
346
416
64
733
796
19
38
95
134
237
283
290
669
55
572
65
83
109
110
117
106
120
189
724
973
77
84
169
415
836
509
7
45
209
328
380
557
69
92
394
448
819
18
40
107
173
739
124
543
127
176
349
412
16
29
9
26
139
905
122
167
929
27
101
11
14
70
